1.000000000000000E+00  0.000000000000000E+00  0.000000000000000E+00  0.000000000000000E+00  3.114573862369493E-01  -5.314352558555294E-07  -9.990982810083954E-05  -3.180950895920019E-01  4.177094927414515E-01  4.177098690766863E-01  0.000000000000000E+00  1.000000000000000E+00  0.000000000000000E+00  0.000000000000000E+00  6.524599277547992E-07  1.844410817973386E-01  -2.665476288358599E-10  -8.486401536944099E-07  3.729114850464987E-01  -3.729111196433276E-01  0.000000000000000E+00  0.000000000000000E+00  1.000000000000000E+00  0.000000000000000E+00  1.226624664179022E-04  -2.665476288358599E-10  1.844410316878022E-01  -1.595443488945491E-04  1.519891314653828E-04  1.674660238644129E-04  0.000000000000000E+00  0.000000000000000E+00  0.000000000000000E+00  1.000000000000000E+00  3.905354356670209E-01  -8.486401536944099E-07  -1.595443488945491E-04  -3.235196956363390E-01  -2.327894109893164E-01  -2.327904720169454E-01  3.114573862369493E-01  6.524599277547992E-07  1.226624664179022E-04  3.905354356670209E-01  1.000000000000000E+00  0.000000000000000E+00  0.000000000000000E+00  0.000000000000000E+00  4.154671603733218E-02  4.154640590936082E-02  -5.314352558555294E-07  1.844410817973386E-01  -2.665476288358599E-10  -8.486401536944099E-07  0.000000000000000E+00  1.000000000000000E+00  0.000000000000000E+00  0.000000000000000E+00  2.881846644615783E-02  -2.881829993982288E-02  -9.990982810083954E-05  -2.665476288358599E-10  1.844410316878022E-01  -1.595443488945491E-04  0.000000000000000E+00  0.000000000000000E+00  1.000000000000000E+00  0.000000000000000E+00  2.146732004153485E-07  1.410698449548957E-06  -3.180950895920019E-01  -8.486401536944099E-07  -1.595443488945491E-04  -3.235196956363390E-01  0.000000000000000E+00  0.000000000000000E+00  0.000000000000000E+00  1.000000000000000E+00  -5.470262625103838E-02  -5.470225510251113E-02  4.177094927414515E-01  3.729114850464987E-01  1.519891314653828E-04  -2.327894109893164E-01  4.154671603733218E-02  2.881846644615783E-02  2.146732004153485E-07  -5.470262625103838E-02  1.000000000000000E+00  9.024437849493637E-02  4.177098690766863E-01  -3.729111196433276E-01  1.674660238644129E-04  -2.327904720169454E-01  4.154640590936082E-02  -2.881829993982288E-02  1.410698449548957E-06  -5.470225510251113E-02  9.024437849493637E-02  1.000000000000000E+00  