12.566476088  0.000000000  0.000000000  0.000000000  3.913829818  -2.307974100  0.000000000  -0.000732617  5.249049490  5.249049378  0.000000000  4.188882536  0.000000000  0.000000000  2.833456507  -1.355160067  0.000000000  -0.000675413  -1.688932104  -1.688932058  0.000000000  0.000000000  4.188882536  0.000000000  0.000000000  0.000000000  0.772602805  0.000000000  2.705556310  -2.705556237  0.000000000  0.000000000  0.000000000  4.188882536  0.000899420  -0.000675413  0.000000000  0.772602590  0.001122864  0.001238030  3.913829818  2.833456507  0.000000000  0.000899420  12.566379309  0.000000000  0.000000000  0.000000000  0.537147796  0.537147796  -2.307974100  -1.355160067  0.000000000  -0.000675413  0.000000000  4.189065998  0.000000000  0.000000000  -0.407339436  -0.407339436  0.000000000  0.000000000  0.772602805  0.000000000  0.000000000  0.000000000  4.189065998  0.000000000  0.214595786  -0.214595786  -0.000732617  -0.000675413  0.000000000  0.772602590  0.000000000  0.000000000  0.000000000  4.189065998  0.000002284  0.000011418  5.249049490  -1.688932104  2.705556310  0.001122864  0.537147796  -0.407339436  0.214595786  0.000002284  12.566353188  1.133866523  5.249049378  -1.688932058  -2.705556237  0.001238030  0.537147796  -0.407339436  -0.214595786  0.000011418  1.133866523  12.566353188  